PDB_ID,Chain,Res_Name,Res_ID,Label,Node_Degree_10A,Sec_Struct,Is_Helix,Is_Sheet,Is_Coil,RSA,Coord_X,Coord_Y,Coord_Z
1p2c_complex,E,GLU,1201,0,6,-,0.0,0.0,1.0,0.9278,-33.14,15.23,92.15
1p2c_complex,E,VAL,1202,0,12,-,0.0,0.0,1.0,0.162,-33.95,11.52,92.41
1p2c_complex,E,GLN,1203,0,17,E,0.0,1.0,0.0,0.6111,-34.8,9.9,89.1
1p2c_complex,E,LEU,1204,0,23,E,0.0,1.0,0.0,0.0854,-35.77,6.38,88.06
1p2c_complex,E,GLN,1205,0,17,E,0.0,1.0,0.0,0.6364,-35.49,5.54,84.34
1p2c_complex,E,GLU,1206,0,22,E,0.0,1.0,0.0,0.0464,-36.93,2.19,83.16
1p2c_complex,E,SER,1207,0,16,-,0.0,0.0,1.0,0.1923,-36.5,0.19,79.94
1p2c_complex,E,GLY,1208,0,12,-,0.0,0.0,1.0,0.6071,-38.95,0.37,77.03
1p2c_complex,E,ALA,1209,0,18,-,0.0,0.0,1.0,0.6038,-42.05,-1.65,76.18
1p2c_complex,E,GLU,1210,0,17,E,0.0,1.0,0.0,0.3299,-41.54,-5.34,75.36
1p2c_complex,E,LEU,1211,0,20,E,0.0,1.0,0.0,0.2744,-43.34,-8.13,73.51
1p2c_complex,E,MET,1212,0,19,E,0.0,1.0,0.0,0.3191,-42.51,-11.77,74.28
1p2c_complex,E,LYS,1213,0,17,-,0.0,0.0,1.0,0.5659,-44.2,-15.1,73.54
1p2c_complex,E,PRO,1214,0,17,T,0.0,0.0,1.0,0.4853,-45.47,-17.43,76.27
1p2c_complex,E,GLY,1215,0,13,T,0.0,0.0,1.0,0.7381,-42.78,-19.63,77.8
1p2c_complex,E,ALA,1216,0,12,-,0.0,0.0,1.0,0.3019,-40.13,-16.99,77.26
1p2c_complex,E,SER,1217,0,16,-,0.0,0.0,1.0,0.3769,-38.7,-14.59,79.81
1p2c_complex,E,VAL,1218,0,17,E,0.0,1.0,0.0,0.0423,-37.88,-10.9,79.9
1p2c_complex,E,LYS,1219,0,15,E,0.0,1.0,0.0,0.478,-35.72,-8.52,81.91
1p2c_complex,E,ILE,1220,0,22,E,0.0,1.0,0.0,0.0059,-36.89,-5.03,82.81
1p2c_complex,E,SER,1221,0,23,E,0.0,1.0,0.0,0.2385,-34.36,-2.48,84.04
1p2c_complex,E,CYS,1222,0,26,E,0.0,1.0,0.0,0.0,-34.59,0.52,86.36
1p2c_complex,E,LYS,1223,0,20,E,0.0,1.0,0.0,0.4927,-31.74,3.03,86.57
1p2c_complex,E,ALA,1224,0,25,E,0.0,1.0,0.0,0.0,-31.76,5.03,89.79
1p2c_complex,E,THR,1225,0,15,E,0.0,1.0,0.0,0.3592,-29.75,8.2,90.3
1p2c_complex,E,GLY,1226,0,10,S,0.0,0.0,1.0,0.619,-29.65,11.24,92.53
1p2c_complex,E,TYR,1227,0,12,S,0.0,0.0,1.0,0.1622,-29.16,9.41,95.85
1p2c_complex,E,THR,1228,0,11,-,0.0,0.0,1.0,0.5915,-27.16,6.67,97.57
1p2c_complex,E,PHE,1229,0,20,T,0.0,0.0,1.0,0.0508,-28.09,3.65,95.44
1p2c_complex,E,THR,1230,1,13,T,0.0,0.0,1.0,0.5563,-26.96,1.13,98.07
1p2c_complex,E,THR,1231,1,12,T,0.0,0.0,1.0,0.6479,-29.0,2.57,100.94
1p2c_complex,E,TYR,1232,1,14,S,0.0,0.0,1.0,0.3468,-32.58,2.32,99.62
1p2c_complex,E,TRP,1233,1,20,-,0.0,0.0,1.0,0.348,-34.67,-0.65,98.57
1p2c_complex,E,ILE,1234,0,27,E,0.0,1.0,0.0,0.0,-36.07,-0.59,95.04
1p2c_complex,E,GLU,1235,1,24,E,0.0,1.0,0.0,0.0206,-39.58,-2.01,95.04
1p2c_complex,E,TRP,1236,0,26,E,0.0,1.0,0.0,0.0,-41.41,-3.38,92.04
1p2c_complex,E,ILE,1237,0,19,E,0.0,1.0,0.0,0.0,-45.09,-2.96,91.29
1p2c_complex,E,LYS,1238,0,21,E,0.0,1.0,0.0,0.0488,-47.35,-4.57,88.69
1p2c_complex,E,GLN,1239,0,18,E,0.0,1.0,0.0,0.1818,-50.41,-2.74,87.31
1p2c_complex,E,ARG,1240,0,14,E,0.0,1.0,0.0,0.1895,-53.08,-4.54,85.28
1p2c_complex,E,PRO,1241,0,9,T,0.0,0.0,1.0,0.7941,-56.37,-3.2,83.86
1p2c_complex,E,GLY,1242,0,7,T,0.0,0.0,1.0,0.9762,-59.22,-4.28,86.11
1p2c_complex,E,HIS,1243,0,10,E,0.0,1.0,0.0,0.5598,-56.76,-5.23,88.83
1p2c_complex,E,SER,1244,0,15,E,0.0,1.0,0.0,0.4,-55.48,-3.13,91.71
1p2c_complex,E,LEU,1245,0,22,E,0.0,1.0,0.0,0.0305,-51.73,-2.4,91.89
1p2c_complex,E,GLU,1246,0,19,E,0.0,1.0,0.0,0.2629,-49.74,-5.46,93.04
1p2c_complex,E,TRP,1247,0,23,E,0.0,1.0,0.0,0.0132,-46.42,-5.39,94.93
1p2c_complex,E,ILE,1248,0,24,E,0.0,1.0,0.0,0.0178,-44.03,-7.84,93.25
1p2c_complex,E,GLY,1249,0,27,E,0.0,1.0,0.0,0.0,-40.96,-7.59,95.45
1p2c_complex,E,GLU,1250,1,26,E,0.0,1.0,0.0,0.067,-37.89,-5.62,96.41
1p2c_complex,E,ILE,1251,0,24,E,0.0,1.0,0.0,0.0296,-34.11,-5.66,96.25
1p2c_complex,E,LEU,1252,1,22,E,0.0,1.0,0.0,0.2134,-31.52,-3.67,98.18
1p2c_complex,E,PRO,1253,0,24,T,0.0,0.0,1.0,0.0074,-28.9,-2.85,95.49
1p2c_complex,E,GLY,1254,0,16,T,0.0,0.0,1.0,0.631,-25.41,-4.16,96.15
1p2c_complex,E,SER,1255,1,11,T,0.0,0.0,1.0,0.4077,-26.27,-6.34,99.14
1p2c_complex,E,ASP,1256,1,10,T,0.0,0.0,1.0,0.9387,-27.72,-9.24,97.15
1p2c_complex,E,SER,1257,1,12,E,0.0,1.0,0.0,0.4538,-30.77,-9.14,99.41
1p2c_complex,E,THR,1258,1,16,E,0.0,1.0,0.0,0.3732,-34.23,-9.61,97.96
1p2c_complex,E,TYR,1259,1,16,E,0.0,1.0,0.0,0.4009,-37.8,-10.44,98.96
1p2c_complex,E,TYR,1260,0,21,E,0.0,1.0,0.0,0.2207,-40.51,-11.7,96.64
1p2c_complex,E,ASN,1261,0,17,-,0.0,0.0,1.0,0.1338,-44.29,-11.52,97.01
1p2c_complex,E,GLU,1262,0,10,G,1.0,0.0,0.0,0.6186,-45.11,-15.2,97.56
1p2c_complex,E,LYS,1263,0,13,G,1.0,0.0,0.0,0.5707,-47.64,-14.95,94.72
1p2c_complex,E,VAL,1264,0,13,G,1.0,0.0,0.0,0.0493,-44.82,-14.32,92.25
1p2c_complex,E,LYS,1265,0,12,T,0.0,0.0,1.0,0.6732,-42.2,-16.47,93.97
1p2c_complex,E,GLY,1266,0,12,T,0.0,0.0,1.0,0.8333,-40.38,-18.76,91.54
1p2c_complex,E,LYS,1267,0,13,T,0.0,0.0,1.0,0.2537,-41.11,-16.67,88.45
1p2c_complex,E,VAL,1268,0,19,E,0.0,1.0,0.0,0.0352,-39.42,-13.41,89.43
1p2c_complex,E,THR,1269,0,19,E,0.0,1.0,0.0,0.507,-35.71,-12.75,89.9
1p2c_complex,E,PHE,1270,0,24,E,0.0,1.0,0.0,0.0508,-34.17,-9.45,91.0
1p2c_complex,E,THR,1271,0,20,E,0.0,1.0,0.0,0.4366,-30.57,-8.44,90.28
1p2c_complex,E,ALA,1272,0,21,E,0.0,1.0,0.0,0.3585,-28.62,-5.21,90.37
1p2c_complex,E,ASP,1273,0,12,E,0.0,1.0,0.0,0.3742,-25.46,-3.67,88.97
1p2c_complex,E,ALA,1274,0,15,G,1.0,0.0,0.0,0.4434,-24.14,-1.03,91.37
1p2c_complex,E,SER,1275,0,7,G,1.0,0.0,0.0,0.8462,-21.52,0.04,88.82
1p2c_complex,E,SER,1276,0,11,G,1.0,0.0,0.0,0.2385,-24.45,1.47,86.84
1p2c_complex,E,ASN,1277,0,19,T,0.0,0.0,1.0,0.2994,-27.06,2.14,89.55
1p2c_complex,E,THR,1278,0,20,E,0.0,1.0,0.0,0.0704,-29.35,-0.23,87.72
1p2c_complex,E,ALA,1279,0,27,E,0.0,1.0,0.0,0.0,-31.8,-2.71,89.23
1p2c_complex,E,TYR,1280,0,22,E,0.0,1.0,0.0,0.2658,-33.3,-5.48,87.07
1p2c_complex,E,MET,1281,0,22,E,0.0,1.0,0.0,0.0,-36.46,-7.62,87.26
1p2c_complex,E,GLN,1282,0,14,E,0.0,1.0,0.0,0.2727,-36.53,-10.83,85.25
1p2c_complex,E,LEU,1283,0,18,E,0.0,1.0,0.0,0.0183,-39.88,-12.55,84.71
1p2c_complex,E,SER,1284,0,17,-,0.0,0.0,1.0,0.2846,-39.72,-16.17,83.49
1p2c_complex,E,SER,1285,0,14,S,0.0,0.0,1.0,0.6692,-42.08,-18.75,81.97
1p2c_complex,E,LEU,1286,0,19,-,0.0,0.0,1.0,0.0183,-44.3,-15.92,80.75
1p2c_complex,E,THR,1287,0,17,-,0.0,0.0,1.0,0.4366,-48.06,-16.34,80.3
1p2c_complex,E,SER,1288,0,15,G,1.0,0.0,0.0,0.5692,-50.74,-13.84,79.26
1p2c_complex,E,GLU,1289,0,10,G,1.0,0.0,0.0,0.6082,-51.32,-13.16,82.97
1p2c_complex,E,ASP,1290,0,19,G,1.0,0.0,0.0,0.0184,-47.96,-11.38,82.98
1p2c_complex,E,SER,1291,0,20,-,0.0,0.0,1.0,0.1846,-49.13,-8.71,80.5
1p2c_complex,E,ALA,1292,0,17,E,0.0,1.0,0.0,0.0755,-49.03,-5.39,82.34
1p2c_complex,E,VAL,1293,0,20,E,0.0,1.0,0.0,0.2676,-47.24,-2.19,83.18
1p2c_complex,E,TYR,1294,0,26,E,0.0,1.0,0.0,0.009,-44.4,-2.76,85.65
1p2c_complex,E,TYR,1295,0,26,E,0.0,1.0,0.0,0.045,-43.05,0.02,87.87
1p2c_complex,E,CYS,1296,0,32,E,0.0,1.0,0.0,0.0,-39.98,0.36,90.02
1p2c_complex,E,ALA,1297,0,24,E,0.0,1.0,0.0,0.0,-40.05,2.88,92.87
1p2c_complex,E,ARG,1298,0,23,E,0.0,1.0,0.0,0.0726,-37.62,3.83,95.62
1p2c_complex,E,GLY,1299,1,20,-,0.0,0.0,1.0,0.1667,-38.62,2.49,99.01
1p2c_complex,E,ASP,1300,1,13,S,0.0,0.0,1.0,0.184,-39.5,5.43,101.26
1p2c_complex,E,GLY,1301,1,18,S,0.0,0.0,1.0,0.1429,-42.33,3.71,103.14
1p2c_complex,E,PHE,1302,0,23,S,0.0,0.0,1.0,0.1523,-44.53,5.7,100.81
1p2c_complex,E,TYR,1303,0,20,-,0.0,0.0,1.0,0.0,-43.45,5.87,97.14
1p2c_complex,E,VAL,1304,0,17,-,0.0,0.0,1.0,0.1831,-42.48,9.43,96.16
1p2c_complex,E,TYR,1305,0,20,-,0.0,0.0,1.0,0.3694,-40.07,8.49,93.35
1p2c_complex,E,TRP,1306,0,26,B,0.0,1.0,0.0,0.1189,-41.42,6.29,90.54
1p2c_complex,E,GLY,1307,0,23,-,0.0,0.0,1.0,0.0,-39.98,5.01,87.29
1p2c_complex,E,GLN,1308,0,22,-,0.0,0.0,1.0,0.4646,-42.07,5.79,84.22
1p2c_complex,E,GLY,1309,0,28,-,0.0,0.0,1.0,0.131,-43.14,2.13,84.1
1p2c_complex,E,THR,1310,0,20,E,0.0,1.0,0.0,0.0211,-42.52,-0.44,81.33
1p2c_complex,E,THR,1311,0,20,E,0.0,1.0,0.0,0.4296,-45.3,-2.21,79.45
1p2c_complex,E,LEU,1312,0,21,E,0.0,1.0,0.0,0.0183,-45.1,-5.96,78.91
1p2c_complex,E,THR,1313,0,23,E,0.0,1.0,0.0,0.1408,-47.2,-7.76,76.31
1p2c_complex,E,VAL,1314,0,22,E,0.0,1.0,0.0,0.0493,-47.15,-11.57,76.38
1p2c_complex,E,SER,1315,0,20,-,0.0,0.0,1.0,0.2385,-48.72,-13.02,73.25
1p2c_complex,E,SER,1316,0,14,S,0.0,0.0,1.0,0.7077,-48.35,-15.66,70.55
1p2c_complex,E,ALA,1317,0,14,S,0.0,0.0,1.0,0.2547,-49.21,-12.93,68.01
1p2c_complex,E,SER,1318,0,14,-,0.0,0.0,1.0,0.6077,-46.48,-11.43,65.85
1p2c_complex,E,THR,1319,0,15,-,0.0,0.0,1.0,0.4085,-45.61,-7.76,65.47
1p2c_complex,E,THR,1320,0,16,B,0.0,1.0,0.0,0.3099,-47.73,-6.17,62.75
1p2c_complex,E,PRO,1321,0,21,-,0.0,0.0,1.0,0.4926,-47.5,-2.62,61.32
1p2c_complex,E,PRO,1322,0,25,-,0.0,0.0,1.0,0.1029,-50.7,-0.58,61.35
1p2c_complex,E,SER,1323,0,15,E,0.0,1.0,0.0,0.4231,-52.59,0.32,58.19
1p2c_complex,E,VAL,1324,0,24,E,0.0,1.0,0.0,0.0915,-53.27,4.08,58.19
1p2c_complex,E,TYR,1325,0,22,E,0.0,1.0,0.0,0.1036,-56.34,5.43,56.42
1p2c_complex,E,PRO,1326,0,26,E,0.0,1.0,0.0,0.0441,-57.43,9.07,55.97
1p2c_complex,E,LEU,1327,0,28,E,0.0,1.0,0.0,0.0244,-60.88,10.14,57.16
1p2c_complex,E,ALA,1328,0,24,-,0.0,0.0,1.0,0.0283,-62.24,13.03,55.1
1p2c_complex,E,PRO,1329,0,24,-,0.0,0.0,1.0,0.0515,-65.87,14.23,54.91
1p2c_complex,E,GLY,1330,0,20,-,0.0,0.0,1.0,0.0357,-68.18,12.73,52.28
1p2c_complex,E,SER,1331,0,15,T,0.0,0.0,1.0,0.8385,-70.84,14.75,50.32
1p2c_complex,E,ALA,1332,0,13,T,0.0,0.0,1.0,0.566,-73.42,14.6,53.19
1p2c_complex,E,ALA,1333,0,18,T,0.0,0.0,1.0,0.0849,-71.04,14.74,56.23
1p2c_complex,E,GLN,1334,0,17,-,0.0,0.0,1.0,0.4596,-69.74,18.19,54.98
1p2c_complex,E,THR,1335,0,15,-,0.0,0.0,1.0,0.4718,-71.31,20.1,57.94
1p2c_complex,E,ASN,1336,0,11,T,0.0,0.0,1.0,0.7516,-69.25,23.17,56.85
1p2c_complex,E,SER,1337,0,10,T,0.0,0.0,1.0,0.6846,-68.86,25.4,59.94
1p2c_complex,E,MET,1338,0,14,E,0.0,1.0,0.0,0.516,-66.03,23.62,61.67
1p2c_complex,E,VAL,1339,0,20,E,0.0,1.0,0.0,0.0775,-64.71,20.56,59.9
1p2c_complex,E,THR,1340,0,28,E,0.0,1.0,0.0,0.0845,-63.74,17.31,61.59
1p2c_complex,E,LEU,1341,0,24,E,0.0,1.0,0.0,0.0,-61.1,15.14,59.95
1p2c_complex,E,GLY,1342,0,27,E,0.0,1.0,0.0,0.0,-59.59,11.88,61.13
1p2c_complex,E,CYS,1343,0,27,E,0.0,1.0,0.0,0.0,-57.29,8.92,60.69
1p2c_complex,E,LEU,1344,0,25,E,0.0,1.0,0.0,0.0061,-58.03,5.23,61.16
1p2c_complex,E,VAL,1345,0,21,E,0.0,1.0,0.0,0.0,-55.06,3.19,62.43
1p2c_complex,E,LYS,1346,0,21,E,0.0,1.0,0.0,0.2293,-55.99,-0.48,62.2
1p2c_complex,E,GLY,1347,0,19,E,0.0,1.0,0.0,0.2143,-54.72,-4.03,62.43
1p2c_complex,E,TYR,1348,0,25,E,0.0,1.0,0.0,0.0,-51.5,-3.48,64.36
1p2c_complex,E,PHE,1349,0,24,B,0.0,1.0,0.0,0.0406,-49.72,-5.28,67.17
1p2c_complex,E,PRO,1350,0,27,S,0.0,0.0,1.0,0.0515,-48.64,-4.73,69.8
1p2c_complex,E,GLU,1351,0,21,S,0.0,0.0,1.0,0.299,-49.42,-1.43,71.53
1p2c_complex,E,PRO,1352,0,15,-,0.0,0.0,1.0,0.4706,-48.58,1.39,71.53
1p2c_complex,E,VAL,1353,0,22,-,0.0,0.0,1.0,0.1127,-48.91,3.78,68.61
1p2c_complex,E,THR,1354,0,12,E,0.0,1.0,0.0,0.5634,-48.56,7.56,68.71
1p2c_complex,E,VAL,1355,0,22,E,0.0,1.0,0.0,0.1479,-50.59,10.01,66.63
1p2c_complex,E,THR,1356,0,19,E,0.0,1.0,0.0,0.4366,-50.01,13.73,66.08
1p2c_complex,E,TRP,1357,0,22,E,0.0,1.0,0.0,0.0044,-51.44,16.17,63.55
1p2c_complex,E,ASN,1358,0,16,G,1.0,0.0,0.0,0.2803,-49.28,18.42,61.39
1p2c_complex,E,SER,1359,0,14,G,1.0,0.0,0.0,0.7692,-46.28,17.25,63.38
1p2c_complex,E,GLY,1360,0,12,G,1.0,0.0,0.0,0.4286,-47.78,18.72,66.53
1p2c_complex,E,SER,1361,0,9,T,0.0,0.0,1.0,0.8,-48.91,22.0,65.01
1p2c_complex,E,LEU,1362,0,16,B,0.0,1.0,0.0,0.2927,-52.53,20.99,65.62
1p2c_complex,E,SER,1363,0,13,-,0.0,0.0,1.0,0.6615,-53.15,19.92,69.26
1p2c_complex,E,SER,1364,0,11,T,0.0,0.0,1.0,0.7154,-56.37,21.48,70.56
1p2c_complex,E,GLY,1365,0,12,T,0.0,0.0,1.0,0.3333,-59.48,20.01,69.01
1p2c_complex,E,VAL,1366,0,18,E,0.0,1.0,0.0,0.2394,-57.72,16.63,68.68
1p2c_complex,E,HIS,1367,0,25,E,0.0,1.0,0.0,0.0815,-59.21,13.4,70.03
1p2c_complex,E,THR,1368,0,22,E,0.0,1.0,0.0,0.4155,-57.11,10.25,69.93
1p2c_complex,E,PHE,1369,0,20,-,0.0,0.0,1.0,0.0102,-59.21,7.26,70.96
1p2c_complex,E,PRO,1370,0,20,-,0.0,0.0,1.0,0.4412,-57.81,4.36,73.03
1p2c_complex,E,ALA,1371,0,21,-,0.0,0.0,1.0,0.1887,-57.02,1.29,70.92
1p2c_complex,E,VAL,1372,0,16,E,0.0,1.0,0.0,0.2958,-59.5,-1.6,70.92
1p2c_complex,E,LEU,1373,0,17,E,0.0,1.0,0.0,0.5549,-58.35,-5.22,70.61
1p2c_complex,E,GLN,1374,0,13,E,0.0,1.0,0.0,0.3485,-60.43,-6.86,67.9
1p2c_complex,E,SER,1375,0,7,T,0.0,0.0,1.0,0.7538,-59.57,-10.42,66.89
1p2c_complex,E,ASP,1376,0,15,T,0.0,0.0,1.0,0.7055,-56.01,-10.2,68.21
1p2c_complex,E,LEU,1377,0,19,E,0.0,1.0,0.0,0.372,-55.27,-6.97,66.35
1p2c_complex,E,TYR,1378,0,21,E,0.0,1.0,0.0,0.1937,-55.54,-3.39,67.6
1p2c_complex,E,THR,1379,0,25,E,0.0,1.0,0.0,0.0986,-57.46,-0.61,65.91
1p2c_complex,E,LEU,1380,0,25,E,0.0,1.0,0.0,0.0732,-57.39,3.04,66.92
1p2c_complex,E,SER,1381,0,27,E,0.0,1.0,0.0,0.0385,-58.73,6.27,65.46
1p2c_complex,E,SER,1382,0,23,E,0.0,1.0,0.0,0.0,-58.03,9.97,65.9
1p2c_complex,E,SER,1383,0,23,E,0.0,1.0,0.0,0.0,-60.08,13.02,64.97
1p2c_complex,E,VAL,1384,0,20,E,0.0,1.0,0.0,0.007,-59.13,16.69,64.71
1p2c_complex,E,THR,1385,0,18,E,0.0,1.0,0.0,0.2254,-61.57,19.55,64.34
1p2c_complex,E,VAL,1386,0,17,E,0.0,1.0,0.0,0.0563,-60.48,22.8,62.71
1p2c_complex,E,PRO,1387,0,11,E,0.0,1.0,0.0,0.4191,-62.13,25.89,61.19
1p2c_complex,E,SER,1388,0,15,T,0.0,0.0,1.0,0.3,-63.66,25.24,57.76
1p2c_complex,E,SER,1389,0,12,T,0.0,0.0,1.0,0.6692,-61.3,27.97,56.54
1p2c_complex,E,PRO,1390,0,12,T,0.0,0.0,1.0,0.3382,-58.05,26.1,57.47
1p2c_complex,E,TRP,1391,0,18,T,0.0,0.0,1.0,0.0793,-58.84,22.92,55.51
1p2c_complex,E,PRO,1392,0,13,T,0.0,0.0,1.0,0.5515,-58.67,22.14,52.55
1p2c_complex,E,SER,1393,0,8,T,0.0,0.0,1.0,0.7462,-57.1,25.63,52.31
1p2c_complex,E,GLU,1394,0,8,S,0.0,0.0,1.0,0.7165,-54.04,24.14,53.96
1p2c_complex,E,THR,1395,0,12,-,0.0,0.0,1.0,0.5775,-53.04,20.49,54.14
1p2c_complex,E,VAL,1396,0,23,-,0.0,0.0,1.0,0.0282,-53.77,18.41,57.24
1p2c_complex,E,THR,1397,0,22,E,0.0,1.0,0.0,0.1479,-51.62,15.35,57.96
1p2c_complex,E,CYS,1398,0,27,E,0.0,1.0,0.0,0.0,-51.79,12.73,60.69
1p2c_complex,E,ASN,1399,0,19,E,0.0,1.0,0.0,0.121,-48.39,11.39,61.75
1p2c_complex,E,VAL,1400,0,23,E,0.0,1.0,0.0,0.0282,-48.54,7.8,62.96
1p2c_complex,E,ALA,1401,0,19,E,0.0,1.0,0.0,0.1887,-45.69,5.97,64.66
1p2c_complex,E,HIS,1402,0,20,E,0.0,1.0,0.0,0.0,-45.58,2.32,65.69
1p2c_complex,E,PRO,1403,0,15,G,1.0,0.0,0.0,0.6103,-42.19,1.69,67.34
1p2c_complex,E,ALA,1404,0,18,G,1.0,0.0,0.0,0.4623,-42.6,-2.09,67.54
1p2c_complex,E,SER,1405,0,14,G,1.0,0.0,0.0,0.2231,-42.64,-2.41,63.74
1p2c_complex,E,SER,1406,0,8,T,0.0,0.0,1.0,0.8231,-40.43,0.68,63.33
1p2c_complex,E,THR,1407,0,13,E,0.0,1.0,0.0,0.2254,-43.08,2.25,61.12
1p2c_complex,E,LYS,1408,0,15,E,0.0,1.0,0.0,0.8683,-43.63,5.97,60.61
1p2c_complex,E,VAL,1409,0,15,E,0.0,1.0,0.0,0.3592,-46.45,7.16,58.36
1p2c_complex,E,ASP,1410,0,17,E,0.0,1.0,0.0,0.6871,-47.52,10.69,57.43
1p2c_complex,E,LYS,1411,0,18,E,0.0,1.0,0.0,0.2293,-51.03,10.63,55.95
1p2c_complex,E,LYS,1412,0,18,E,0.0,1.0,0.0,0.6244,-52.38,13.7,54.17
1p2c_complex,E,ILE,1413,0,22,-,0.0,0.0,1.0,0.0178,-56.15,14.05,54.39
1p2c_complex,E,VAL,1414,0,16,-,0.0,0.0,1.0,0.6127,-57.08,14.51,50.73
1p2c_complex,E,PRO,1415,0,13,S,0.0,0.0,1.0,0.3676,-60.42,16.24,49.99
1p2c_complex,E,ARG,1416,0,11,-,0.0,0.0,1.0,0.9113,-63.29,14.39,48.28
1p2c_complex,E,ASP,1417,0,15,-,0.0,0.0,1.0,0.3497,-63.73,10.87,49.62
1p2c_complex,D,ASP,901,0,10,-,0.0,0.0,1.0,0.865,-51.69,-10.05,103.64
1p2c_complex,D,ILE,902,0,20,-,0.0,0.0,1.0,0.0296,-53.33,-6.76,104.56
1p2c_complex,D,GLU,903,0,17,-,0.0,0.0,1.0,0.6753,-56.31,-6.0,102.34
1p2c_complex,D,LEU,904,0,25,E,0.0,1.0,0.0,0.0549,-57.24,-2.39,101.64
1p2c_complex,D,THR,905,0,18,E,0.0,1.0,0.0,0.493,-60.83,-1.86,100.56
1p2c_complex,D,GLN,906,0,22,E,0.0,1.0,0.0,0.0859,-61.54,1.46,98.87
1p2c_complex,D,SER,907,0,17,E,0.0,1.0,0.0,0.4154,-65.11,2.8,98.79
1p2c_complex,D,PRO,908,0,14,-,0.0,0.0,1.0,0.4044,-66.72,3.86,96.57
1p2c_complex,D,ALA,909,0,15,S,0.0,0.0,1.0,0.6887,-65.17,2.58,93.32
1p2c_complex,D,THR,910,0,15,E,0.0,1.0,0.0,0.5845,-66.2,5.63,91.27
1p2c_complex,D,LEU,911,0,17,E,0.0,1.0,0.0,0.2378,-67.28,9.17,92.07
1p2c_complex,D,SER,912,0,13,E,0.0,1.0,0.0,0.3385,-68.85,12.07,90.17
1p2c_complex,D,VAL,913,0,19,E,0.0,1.0,0.0,0.0915,-68.52,15.6,91.56
1p2c_complex,D,THR,914,0,16,-,0.0,0.0,1.0,0.4366,-69.37,19.14,90.44
1p2c_complex,D,PRO,915,0,16,T,0.0,0.0,1.0,0.3897,-66.38,21.49,90.76
1p2c_complex,D,GLY,916,0,12,T,0.0,0.0,1.0,0.4524,-66.38,23.34,94.07
1p2c_complex,D,ASP,917,0,12,-,0.0,0.0,1.0,0.5215,-68.02,20.48,95.92
1p2c_complex,D,SER,918,0,14,-,0.0,0.0,1.0,0.6154,-66.15,18.42,98.48
1p2c_complex,D,VAL,919,0,17,E,0.0,1.0,0.0,0.1479,-65.72,14.69,98.6
1p2c_complex,D,SER,920,0,15,E,0.0,1.0,0.0,0.5692,-64.39,11.9,100.81
1p2c_complex,D,LEU,921,0,22,E,0.0,1.0,0.0,0.0122,-62.65,8.69,99.79
1p2c_complex,D,SER,922,0,21,E,0.0,1.0,0.0,0.1308,-62.63,5.66,102.1
1p2c_complex,D,CYS,923,0,27,E,0.0,1.0,0.0,0.0,-59.92,3.03,102.57
1p2c_complex,D,ARG,924,0,21,E,0.0,1.0,0.0,0.5121,-60.35,0.26,105.15
1p2c_complex,D,ALA,925,0,23,E,0.0,1.0,0.0,0.0943,-57.55,-2.08,106.19
1p2c_complex,D,SER,926,0,14,S,0.0,0.0,1.0,0.5385,-58.24,-5.71,107.14
1p2c_complex,D,GLN,927,0,13,S,0.0,0.0,1.0,0.4949,-55.84,-5.31,110.07
1p2c_complex,D,SER,928,0,15,-,0.0,0.0,1.0,0.6769,-54.12,-2.47,111.96
1p2c_complex,D,ILE,929,0,17,-,0.0,0.0,1.0,0.0355,-51.45,-0.51,110.12
1p2c_complex,D,SER,930,0,16,T,0.0,0.0,1.0,0.5231,-51.26,2.41,112.56
1p2c_complex,D,ASN,931,0,21,T,0.0,0.0,1.0,0.4204,-50.64,5.56,110.48
1p2c_complex,D,ASN,932,1,19,-,0.0,0.0,1.0,0.3057,-48.72,3.72,107.75
1p2c_complex,D,LEU,933,0,31,E,0.0,1.0,0.0,0.0,-51.12,4.67,104.97
1p2c_complex,D,HIS,934,0,26,E,0.0,1.0,0.0,0.0,-50.46,6.81,101.92
1p2c_complex,D,TRP,935,0,30,E,0.0,1.0,0.0,0.0,-52.57,8.27,99.13
1p2c_complex,D,TYR,936,0,21,E,0.0,1.0,0.0,0.009,-51.82,8.73,95.43
1p2c_complex,D,GLN,937,0,22,E,0.0,1.0,0.0,0.1515,-53.35,10.33,92.35
1p2c_complex,D,GLN,938,0,18,E,0.0,1.0,0.0,0.0808,-52.89,8.66,88.95
1p2c_complex,D,LYS,939,0,15,-,0.0,0.0,1.0,0.1951,-53.81,9.92,85.49
1p2c_complex,D,SER,940,0,9,T,0.0,0.0,1.0,0.5,-54.03,7.72,82.4
1p2c_complex,D,HIS,941,0,9,T,0.0,0.0,1.0,1.0,-50.66,6.56,81.07
1p2c_complex,D,GLU,942,0,11,S,0.0,0.0,1.0,0.2938,-48.68,8.16,83.89
1p2c_complex,D,SER,943,0,19,-,0.0,0.0,1.0,0.1462,-47.12,6.76,87.08
1p2c_complex,D,PRO,944,0,22,-,0.0,0.0,1.0,0.0147,-48.85,7.36,90.45
1p2c_complex,D,ARG,945,0,17,E,0.0,1.0,0.0,0.5605,-48.17,10.67,92.21
1p2c_complex,D,LEU,946,0,22,E,0.0,1.0,0.0,0.0305,-47.88,10.77,96.02
1p2c_complex,D,LEU,947,0,26,E,0.0,1.0,0.0,0.0244,-50.38,13.13,97.69
1p2c_complex,D,ILE,948,0,24,E,0.0,1.0,0.0,0.0,-50.57,12.22,101.38
1p2c_complex,D,LYS,949,0,22,E,0.0,1.0,0.0,0.122,-47.87,10.59,103.49
1p2c_complex,D,TYR,950,1,21,T,0.0,0.0,1.0,0.3108,-48.48,8.68,106.71
1p2c_complex,D,THR,951,0,24,T,0.0,0.0,1.0,0.0141,-52.24,9.3,106.91
1p2c_complex,D,SER,952,0,21,T,0.0,0.0,1.0,0.5846,-52.17,13.1,107.17
1p2c_complex,D,GLN,953,0,14,E,0.0,1.0,0.0,0.5253,-48.74,14.38,106.18
1p2c_complex,D,SER,954,0,19,E,0.0,1.0,0.0,0.5846,-49.35,16.44,103.06
1p2c_complex,D,MET,955,0,15,-,0.0,0.0,1.0,0.2926,-46.38,16.74,100.72
1p2c_complex,D,SER,956,0,9,T,0.0,0.0,1.0,0.9077,-45.5,20.33,99.83
1p2c_complex,D,GLY,957,0,7,T,0.0,0.0,1.0,1.0,-46.5,21.52,96.39
1p2c_complex,D,ILE,958,0,12,S,0.0,0.0,1.0,0.2308,-49.72,19.52,96.7
1p2c_complex,D,PRO,959,0,12,-,0.0,0.0,1.0,0.3309,-52.78,21.82,96.58
1p2c_complex,D,SER,960,0,11,T,0.0,0.0,1.0,0.9231,-54.22,22.65,100.01
1p2c_complex,D,ARG,961,0,12,T,0.0,0.0,1.0,0.1653,-57.53,21.12,98.87
1p2c_complex,D,PHE,962,0,17,E,0.0,1.0,0.0,0.0457,-56.06,17.66,99.61
1p2c_complex,D,SER,963,0,22,E,0.0,1.0,0.0,0.3692,-55.98,16.27,103.15
1p2c_complex,D,GLY,964,0,22,E,0.0,1.0,0.0,0.0952,-56.06,12.85,104.75
1p2c_complex,D,SER,965,0,16,E,0.0,1.0,0.0,0.4923,-56.99,11.49,108.15
1p2c_complex,D,GLY,966,0,18,E,0.0,1.0,0.0,0.369,-57.79,8.24,109.9
1p2c_complex,D,SER,967,0,18,E,0.0,1.0,0.0,0.5462,-55.83,5.75,111.99
1p2c_complex,D,GLY,968,0,16,T,0.0,0.0,1.0,0.2738,-55.61,2.04,112.68
1p2c_complex,D,THR,969,0,17,T,0.0,0.0,1.0,0.4366,-57.82,0.54,109.97
1p2c_complex,D,ASP,970,0,21,E,0.0,1.0,0.0,0.3681,-60.04,3.37,108.79
1p2c_complex,D,PHE,971,0,25,E,0.0,1.0,0.0,0.0,-58.7,6.14,106.58
1p2c_complex,D,THR,972,0,23,E,0.0,1.0,0.0,0.2324,-60.07,9.01,104.51
1p2c_complex,D,LEU,973,0,25,E,0.0,1.0,0.0,0.0,-58.82,11.21,101.68
1p2c_complex,D,SER,974,0,17,E,0.0,1.0,0.0,0.2154,-60.62,14.55,101.6
1p2c_complex,D,ILE,975,0,20,E,0.0,1.0,0.0,0.0,-60.79,16.66,98.44
1p2c_complex,D,ASN,976,0,17,S,0.0,0.0,1.0,0.4331,-62.02,20.13,99.38
1p2c_complex,D,SER,977,0,14,S,0.0,0.0,1.0,0.3923,-63.75,22.05,96.59
1p2c_complex,D,VAL,978,0,20,-,0.0,0.0,1.0,0.0,-62.78,19.7,93.75
1p2c_complex,D,GLU,979,0,16,-,0.0,0.0,1.0,0.4021,-61.27,21.27,90.61
1p2c_complex,D,THR,980,0,19,G,1.0,0.0,0.0,0.4225,-61.6,20.14,86.96
1p2c_complex,D,GLU,981,0,13,G,1.0,0.0,0.0,0.567,-57.95,19.05,86.99
1p2c_complex,D,ASP,982,0,18,G,1.0,0.0,0.0,0.0123,-58.74,16.57,89.76
1p2c_complex,D,PHE,983,0,24,-,0.0,0.0,1.0,0.1929,-60.15,13.88,87.46
1p2c_complex,D,GLY,984,0,18,E,0.0,1.0,0.0,0.0595,-58.31,10.58,87.8
1p2c_complex,D,VAL,985,0,20,E,0.0,1.0,0.0,0.2254,-57.87,7.55,90.03
1p2c_complex,D,TYR,986,0,26,E,0.0,1.0,0.0,0.0,-56.9,7.79,93.7
1p2c_complex,D,PHE,987,0,27,E,0.0,1.0,0.0,0.0558,-55.32,4.86,95.52
1p2c_complex,D,CYS,988,0,30,E,0.0,1.0,0.0,0.0,-54.31,4.17,99.11
1p2c_complex,D,GLN,989,0,26,E,0.0,1.0,0.0,0.0,-51.31,2.04,100.0
1p2c_complex,D,GLN,990,0,26,E,0.0,1.0,0.0,0.0,-50.06,0.6,103.28
1p2c_complex,D,SER,991,1,22,-,0.0,0.0,1.0,0.0769,-46.38,0.37,104.2
1p2c_complex,D,GLY,992,1,17,S,0.0,0.0,1.0,0.3095,-46.98,-1.21,107.57
1p2c_complex,D,SER,993,1,13,S,0.0,0.0,1.0,0.3154,-46.35,-4.74,106.39
1p2c_complex,D,TRP,994,1,14,S,0.0,0.0,1.0,0.5242,-44.96,-6.81,103.53
1p2c_complex,D,PRO,995,0,20,S,0.0,0.0,1.0,0.0515,-46.15,-7.36,100.92
1p2c_complex,D,ARG,996,1,22,-,0.0,0.0,1.0,0.0484,-47.16,-3.75,100.52
1p2c_complex,D,THR,997,0,23,E,0.0,1.0,0.0,0.1761,-50.75,-3.67,99.34
1p2c_complex,D,PHE,998,0,25,E,0.0,1.0,0.0,0.0558,-52.91,-1.09,97.58
1p2c_complex,D,GLY,999,0,24,-,0.0,0.0,1.0,0.0,-56.61,-0.38,97.63
1p2c_complex,D,GLY,1000,0,23,-,0.0,0.0,1.0,0.619,-58.7,-0.95,94.51
1p2c_complex,D,GLY,1001,0,29,-,0.0,0.0,1.0,0.1071,-58.73,2.79,93.83
1p2c_complex,D,THR,1002,0,21,E,0.0,1.0,0.0,0.0,-61.49,5.36,93.31
1p2c_complex,D,LYS,1003,0,18,E,0.0,1.0,0.0,0.4732,-62.02,6.92,89.88
1p2c_complex,D,LEU,1004,0,20,E,0.0,1.0,0.0,0.0244,-63.01,10.57,90.07
1p2c_complex,D,ASP,1005,0,21,E,0.0,1.0,0.0,0.135,-64.94,12.21,87.25
1p2c_complex,D,ILE,1006,0,22,E,0.0,1.0,0.0,0.0059,-65.92,15.87,86.98
1p2c_complex,D,LYS,1007,0,18,-,0.0,0.0,1.0,0.4098,-69.59,16.76,86.83
1p2c_complex,D,ARG,1008,0,17,-,0.0,0.0,1.0,0.3629,-70.43,19.16,84.03
1p2c_complex,D,ALA,1009,0,10,-,0.0,0.0,1.0,0.6698,-73.63,20.4,82.38
1p2c_complex,D,ASP,1010,0,14,-,0.0,0.0,1.0,0.4417,-75.3,18.0,79.93
1p2c_complex,D,ALA,1011,0,17,B,0.0,1.0,0.0,0.1887,-74.28,18.4,76.29
1p2c_complex,D,ALA,1012,0,19,-,0.0,0.0,1.0,0.4434,-75.22,16.61,73.07
1p2c_complex,D,PRO,1013,0,24,-,0.0,0.0,1.0,0.0735,-72.4,15.2,70.9
1p2c_complex,D,THR,1014,0,14,E,0.0,1.0,0.0,0.6127,-71.07,16.74,67.7
1p2c_complex,D,VAL,1015,0,24,E,0.0,1.0,0.0,0.0493,-71.48,13.89,65.2
1p2c_complex,D,SER,1016,0,25,E,0.0,1.0,0.0,0.1,-69.54,13.25,62.0
1p2c_complex,D,ILE,1017,0,30,E,0.0,1.0,0.0,0.0,-69.59,10.23,59.7
1p2c_complex,D,PHE,1018,0,30,E,0.0,1.0,0.0,0.0102,-66.88,9.09,57.31
1p2c_complex,D,PRO,1019,0,23,-,0.0,0.0,1.0,0.0809,-67.05,6.69,54.38
1p2c_complex,D,PRO,1020,0,25,-,0.0,0.0,1.0,0.0515,-64.21,4.22,53.9
1p2c_complex,D,SER,1021,0,24,-,0.0,0.0,1.0,0.0308,-61.08,5.65,52.24
1p2c_complex,D,SER,1022,0,15,H,1.0,0.0,0.0,0.5308,-60.06,4.94,48.64
1p2c_complex,D,GLU,1023,0,14,H,1.0,0.0,0.0,0.3557,-56.9,3.36,49.97
1p2c_complex,D,GLN,1024,0,17,H,1.0,0.0,0.0,0.0253,-58.8,0.93,52.19
1p2c_complex,D,LEU,1025,0,16,H,1.0,0.0,0.0,0.2012,-61.23,0.07,49.4
1p2c_complex,D,THR,1026,0,10,H,1.0,0.0,0.0,0.8873,-58.34,-0.66,47.06
1p2c_complex,D,SER,1027,0,10,H,1.0,0.0,0.0,0.6538,-56.98,-2.94,49.76
1p2c_complex,D,GLY,1028,0,11,T,0.0,0.0,1.0,0.5357,-60.17,-4.97,49.79
1p2c_complex,D,GLY,1029,0,18,E,0.0,1.0,0.0,0.2262,-61.87,-3.65,52.92
1p2c_complex,D,ALA,1030,0,23,E,0.0,1.0,0.0,0.0,-64.26,-0.97,54.1
1p2c_complex,D,SER,1031,0,23,E,0.0,1.0,0.0,0.0154,-64.69,0.7,57.48
1p2c_complex,D,VAL,1032,0,22,E,0.0,1.0,0.0,0.0,-67.25,3.41,58.14
1p2c_complex,D,VAL,1033,0,24,E,0.0,1.0,0.0,0.0,-66.3,5.69,61.01
1p2c_complex,D,CYS,1034,0,28,E,0.0,1.0,0.0,0.0,-68.43,7.91,63.22
1p2c_complex,D,PHE,1035,0,28,E,0.0,1.0,0.0,0.0,-67.1,10.38,65.79
1p2c_complex,D,LEU,1036,0,22,E,0.0,1.0,0.0,0.0,-69.33,11.62,68.61
1p2c_complex,D,ASN,1037,0,23,E,0.0,1.0,0.0,0.0191,-67.35,14.41,70.22
1p2c_complex,D,ASN,1038,0,23,E,0.0,1.0,0.0,0.3248,-67.52,16.61,73.29
1p2c_complex,D,PHE,1039,0,26,E,0.0,1.0,0.0,0.0,-70.63,15.34,75.05
1p2c_complex,D,TYR,1040,0,22,B,0.0,1.0,0.0,0.0721,-71.8,14.65,78.61
1p2c_complex,D,PRO,1041,0,19,S,0.0,0.0,1.0,0.1838,-72.74,12.43,80.34
1p2c_complex,D,LYS,1042,0,20,S,0.0,0.0,1.0,0.4146,-70.47,9.68,78.98
1p2c_complex,D,ASP,1043,0,11,-,0.0,0.0,1.0,0.7853,-73.44,7.31,78.56
1p2c_complex,D,ILE,1044,0,15,-,0.0,0.0,1.0,0.1598,-74.45,7.04,74.9
1p2c_complex,D,ASN,1045,0,11,E,0.0,1.0,0.0,0.6561,-75.99,4.56,72.47
1p2c_complex,D,VAL,1046,0,20,E,0.0,1.0,0.0,0.1901,-74.91,4.26,68.82
1p2c_complex,D,LYS,1047,0,16,E,0.0,1.0,0.0,0.3854,-76.84,2.38,66.17
1p2c_complex,D,TRP,1048,0,22,E,0.0,1.0,0.0,0.022,-75.54,1.61,62.7
1p2c_complex,D,LYS,1049,0,16,E,0.0,1.0,0.0,0.2683,-77.88,1.13,59.79
1p2c_complex,D,ILE,1050,0,16,E,0.0,1.0,0.0,0.0414,-77.23,-0.04,56.25
1p2c_complex,D,ASP,1051,0,11,T,0.0,0.0,1.0,0.4356,-80.02,0.69,53.78
1p2c_complex,D,GLY,1052,0,11,T,0.0,0.0,1.0,0.6548,-82.33,1.02,56.77
1p2c_complex,D,SER,1053,0,11,E,0.0,1.0,0.0,0.5923,-81.25,-2.27,58.33
1p2c_complex,D,GLU,1054,0,11,E,0.0,1.0,0.0,0.5412,-79.69,-2.44,61.8
1p2c_complex,D,ARG,1055,0,12,-,0.0,0.0,1.0,0.2298,-76.14,-3.81,61.86
1p2c_complex,D,GLN,1056,0,11,-,0.0,0.0,1.0,0.7576,-75.02,-4.86,65.34
1p2c_complex,D,ASN,1057,0,10,T,0.0,0.0,1.0,0.7197,-72.07,-7.08,64.4
1p2c_complex,D,GLY,1058,0,11,T,0.0,0.0,1.0,0.4881,-68.65,-5.76,63.42
1p2c_complex,D,VAL,1059,0,18,E,0.0,1.0,0.0,0.2676,-68.76,-2.55,65.46
1p2c_complex,D,LEU,1060,0,17,E,0.0,1.0,0.0,0.1585,-65.79,-1.23,67.42
1p2c_complex,D,ASN,1061,0,18,E,0.0,1.0,0.0,0.3885,-66.39,1.51,70.0
1p2c_complex,D,SER,1062,0,19,E,0.0,1.0,0.0,0.1077,-63.99,3.53,72.13
1p2c_complex,D,TRP,1063,0,20,E,0.0,1.0,0.0,0.3524,-64.36,6.48,74.52
1p2c_complex,D,THR,1064,0,17,-,0.0,0.0,1.0,0.1056,-61.68,9.04,75.35
1p2c_complex,D,ASP,1065,0,21,-,0.0,0.0,1.0,0.4724,-60.8,9.91,78.94
1p2c_complex,D,GLN,1066,0,20,-,0.0,0.0,1.0,0.0657,-62.62,12.93,80.35
1p2c_complex,D,ASP,1067,0,17,-,0.0,0.0,1.0,0.1779,-61.31,16.17,78.84
1p2c_complex,D,SER,1068,0,13,T,0.0,0.0,1.0,0.4923,-59.2,18.22,81.25
1p2c_complex,D,LYS,1069,0,9,T,0.0,0.0,1.0,0.6488,-60.37,21.4,79.56
1p2c_complex,D,ASP,1070,0,12,T,0.0,0.0,1.0,0.3313,-64.14,21.08,79.25
1p2c_complex,D,SER,1071,0,20,-,0.0,0.0,1.0,0.0385,-64.78,17.82,81.13
1p2c_complex,D,THR,1072,0,23,-,0.0,0.0,1.0,0.0211,-66.55,16.35,78.09
1p2c_complex,D,TYR,1073,0,22,E,0.0,1.0,0.0,0.1081,-66.24,12.85,76.64
1p2c_complex,D,SER,1074,0,24,E,0.0,1.0,0.0,0.0,-65.83,11.78,73.01
1p2c_complex,D,MET,1075,0,26,E,0.0,1.0,0.0,0.0053,-66.24,8.39,71.38
1p2c_complex,D,SER,1076,0,26,E,0.0,1.0,0.0,0.0231,-65.42,6.74,68.09
1p2c_complex,D,SER,1077,0,21,E,0.0,1.0,0.0,0.0,-67.59,4.06,66.52
1p2c_complex,D,THR,1078,0,23,E,0.0,1.0,0.0,0.0352,-66.31,2.03,63.58
1p2c_complex,D,LEU,1079,0,21,E,0.0,1.0,0.0,0.0,-68.36,-0.36,61.51
1p2c_complex,D,THR,1080,0,17,E,0.0,1.0,0.0,0.2465,-66.23,-2.74,59.49
1p2c_complex,D,LEU,1081,0,15,E,0.0,1.0,0.0,0.0854,-67.54,-4.93,56.7
1p2c_complex,D,THR,1082,0,12,E,0.0,1.0,0.0,0.5634,-66.31,-6.6,53.53
1p2c_complex,D,LYS,1083,0,17,H,1.0,0.0,0.0,0.3317,-65.75,-4.46,50.43
1p2c_complex,D,ASP,1084,0,12,H,1.0,0.0,0.0,0.6626,-68.29,-6.42,48.41
1p2c_complex,D,GLU,1085,0,10,H,1.0,0.0,0.0,0.1701,-70.93,-5.98,51.09
1p2c_complex,D,TYR,1086,0,21,H,1.0,0.0,0.0,0.045,-70.17,-2.26,51.23
1p2c_complex,D,GLU,1087,0,11,H,1.0,0.0,0.0,0.3505,-70.34,-1.92,47.44
1p2c_complex,D,ARG,1088,0,8,H,1.0,0.0,0.0,0.6532,-73.7,-3.72,47.4
1p2c_complex,D,HIS,1089,0,12,-,0.0,0.0,1.0,0.3424,-75.52,-1.25,49.64
1p2c_complex,D,ASN,1090,0,12,-,0.0,0.0,1.0,0.414,-75.97,2.52,49.38
1p2c_complex,D,SER,1091,0,14,E,0.0,1.0,0.0,0.2,-77.03,4.14,52.66
1p2c_complex,D,TYR,1092,0,22,E,0.0,1.0,0.0,0.0,-74.82,4.2,55.74
1p2c_complex,D,THR,1093,0,22,E,0.0,1.0,0.0,0.0986,-76.15,5.76,58.9
1p2c_complex,D,CYS,1094,0,27,E,0.0,1.0,0.0,0.0,-74.81,6.5,62.34
1p2c_complex,D,GLU,1095,0,19,E,0.0,1.0,0.0,0.1649,-77.59,7.22,64.87
1p2c_complex,D,ALA,1096,0,21,E,0.0,1.0,0.0,0.0,-76.71,8.58,68.31
1p2c_complex,D,THR,1097,0,18,E,0.0,1.0,0.0,0.4577,-79.21,8.51,71.14
1p2c_complex,D,HIS,1098,0,22,-,0.0,0.0,1.0,0.0652,-78.16,10.68,74.07
1p2c_complex,D,LYS,1099,0,17,T,0.0,0.0,1.0,0.6976,-79.72,11.9,77.33
1p2c_complex,D,THR,1100,0,14,T,0.0,0.0,1.0,0.3944,-80.03,15.4,75.88
1p2c_complex,D,SER,1101,0,10,-,0.0,0.0,1.0,0.4308,-82.9,14.4,73.58
1p2c_complex,D,THR,1102,0,8,S,0.0,0.0,1.0,1.0,-85.54,11.76,72.83
1p2c_complex,D,SER,1103,0,11,S,0.0,0.0,1.0,0.5615,-84.75,11.96,69.12
1p2c_complex,D,PRO,1104,0,16,-,0.0,0.0,1.0,0.3603,-81.37,10.58,67.99
1p2c_complex,D,ILE,1105,0,17,E,0.0,1.0,0.0,0.3018,-78.74,12.6,66.16
1p2c_complex,D,VAL,1106,0,15,E,0.0,1.0,0.0,0.4859,-78.53,11.19,62.66
1p2c_complex,D,LYS,1107,0,18,E,0.0,1.0,0.0,0.2293,-75.58,11.46,60.3
1p2c_complex,D,SER,1108,0,23,E,0.0,1.0,0.0,0.3308,-75.26,9.54,57.08
1p2c_complex,D,PHE,1109,0,18,E,0.0,1.0,0.0,0.0609,-74.08,9.35,53.49
1p2c_complex,D,ASN,1110,0,14,E,0.0,1.0,0.0,0.6433,-75.03,7.53,50.3
1p2c_complex,D,ARG,1111,0,14,-,0.0,0.0,1.0,0.4677,-72.32,5.57,48.51
