PDB_ID,Chain,Res_Name,Res_ID,Label,Node_Degree_10A,Sec_Struct,Is_Helix,Is_Sheet,Is_Coil,RSA,Coord_X,Coord_Y,Coord_Z
2v4z_complex,A,LYS,32,0,8,-,0.0,0.0,1.0,0.839,8.58,17.22,-17.69
2v4z_complex,A,GLU,33,0,11,E,0.0,1.0,0.0,0.5361,7.59,19.47,-14.76
2v4z_complex,A,VAL,34,0,19,E,0.0,1.0,0.0,0.0423,8.19,23.24,-14.49
2v4z_complex,A,LYS,35,0,19,E,0.0,1.0,0.0,0.1561,8.51,25.2,-11.23
2v4z_complex,A,LEU,36,0,23,E,0.0,1.0,0.0,0.0,7.38,28.75,-12.04
2v4z_complex,A,LEU,37,0,22,E,0.0,1.0,0.0,0.0,7.9,31.43,-9.38
2v4z_complex,A,LEU,38,0,21,E,0.0,1.0,0.0,0.0,6.12,34.8,-9.52
2v4z_complex,A,LEU,39,0,26,E,0.0,1.0,0.0,0.0,8.09,37.48,-7.66
2v4z_complex,A,GLY,40,0,28,-,0.0,0.0,1.0,0.0,8.05,41.25,-7.22
2v4z_complex,A,ALA,41,0,26,S,0.0,0.0,1.0,0.0755,7.25,44.08,-4.81
2v4z_complex,A,GLY,42,0,24,T,0.0,0.0,1.0,0.0833,3.73,44.51,-3.48
2v4z_complex,A,GLU,43,0,23,T,0.0,0.0,1.0,0.2268,1.02,45.46,-5.99
2v4z_complex,A,SER,44,0,24,S,0.0,0.0,1.0,0.0231,3.24,44.65,-8.99
2v4z_complex,A,GLY,45,0,26,S,0.0,0.0,1.0,0.131,0.74,42.3,-10.71
2v4z_complex,A,LYS,46,0,28,H,1.0,0.0,0.0,0.0439,1.76,38.79,-9.63
2v4z_complex,A,SER,47,0,23,H,1.0,0.0,0.0,0.2,-1.69,37.56,-8.63
2v4z_complex,A,THR,48,0,23,H,1.0,0.0,0.0,0.162,-3.28,39.06,-11.78
2v4z_complex,A,ILE,49,0,25,H,1.0,0.0,0.0,0.0,-0.95,36.99,-13.98
2v4z_complex,A,VAL,50,0,18,H,1.0,0.0,0.0,0.1479,-2.03,33.99,-11.9
2v4z_complex,A,LYS,51,0,20,H,1.0,0.0,0.0,0.1268,-5.68,34.77,-12.73
2v4z_complex,A,GLN,52,0,23,H,1.0,0.0,0.0,0.0,-4.77,35.02,-16.43
2v4z_complex,A,MET,53,0,23,H,1.0,0.0,0.0,0.016,-3.38,31.47,-16.28
2v4z_complex,A,LYS,54,0,16,H,1.0,0.0,0.0,0.239,-6.8,30.39,-15.02
2v4z_complex,A,ILE,55,0,16,H,1.0,0.0,0.0,0.1243,-8.51,32.31,-17.82
2v4z_complex,A,ILE,56,0,15,H,1.0,0.0,0.0,0.1834,-6.15,31.23,-20.61
2v4z_complex,A,HIS,57,0,13,H,1.0,0.0,0.0,0.1848,-5.45,27.63,-19.52
2v4z_complex,A,GLU,58,0,13,S,0.0,0.0,1.0,0.433,-8.53,26.54,-17.48
2v4z_complex,A,ASP,59,0,9,-,0.0,0.0,1.0,1.0,-11.78,27.61,-19.28
2v4z_complex,A,GLY,60,0,14,-,0.0,0.0,1.0,0.1071,-12.06,30.89,-17.31
2v4z_complex,A,TYR,61,0,15,-,0.0,0.0,1.0,0.1351,-14.18,31.98,-14.35
2v4z_complex,A,SER,62,0,9,-,0.0,0.0,1.0,0.4462,-17.7,30.6,-13.89
2v4z_complex,A,GLU,63,0,12,H,1.0,0.0,0.0,0.6031,-20.63,32.94,-13.26
2v4z_complex,A,ASP,64,0,10,H,1.0,0.0,0.0,0.6503,-20.74,31.91,-9.6
2v4z_complex,A,GLU,65,0,14,H,1.0,0.0,0.0,0.3093,-17.0,32.49,-9.28
2v4z_complex,A,CYS,66,0,16,H,1.0,0.0,0.0,0.0741,-17.67,36.01,-10.62
2v4z_complex,A,LYS,67,0,18,H,1.0,0.0,0.0,0.5073,-20.56,36.6,-8.22
2v4z_complex,A,GLN,68,0,14,H,1.0,0.0,0.0,0.7222,-18.14,35.89,-5.4
2v4z_complex,A,TYR,69,0,20,T,0.0,0.0,1.0,0.2568,-16.08,38.9,-6.5
2v4z_complex,A,LYS,70,0,22,H,1.0,0.0,0.0,0.1854,-19.12,41.24,-6.28
2v4z_complex,A,VAL,71,0,17,H,1.0,0.0,0.0,0.3451,-18.27,41.96,-2.65
2v4z_complex,A,VAL,72,0,19,H,1.0,0.0,0.0,0.2042,-14.63,42.66,-3.56
2v4z_complex,A,VAL,73,0,24,H,1.0,0.0,0.0,0.0,-15.59,45.02,-6.39
2v4z_complex,A,TYR,74,0,21,H,1.0,0.0,0.0,0.0541,-17.79,47.03,-4.04
2v4z_complex,A,SER,75,0,19,H,1.0,0.0,0.0,0.4462,-15.11,47.05,-1.35
2v4z_complex,A,ASN,76,0,21,H,1.0,0.0,0.0,0.0828,-12.47,48.16,-3.86
2v4z_complex,A,THR,77,0,25,H,1.0,0.0,0.0,0.0,-14.76,50.87,-5.18
2v4z_complex,A,ILE,78,0,22,H,1.0,0.0,0.0,0.1065,-15.81,52.16,-1.75
2v4z_complex,A,GLN,79,0,16,H,1.0,0.0,0.0,0.4242,-12.24,52.22,-0.35
2v4z_complex,A,SER,80,0,21,H,1.0,0.0,0.0,0.0,-10.99,53.95,-3.49
2v4z_complex,A,ILE,81,0,24,H,1.0,0.0,0.0,0.0,-13.33,56.93,-3.18
2v4z_complex,A,ILE,82,0,17,H,1.0,0.0,0.0,0.0355,-12.67,56.99,0.6
2v4z_complex,A,ALA,83,0,19,H,1.0,0.0,0.0,0.1698,-8.93,57.16,-0.05
2v4z_complex,A,ILE,84,0,24,H,1.0,0.0,0.0,0.0,-9.42,60.26,-2.24
2v4z_complex,A,ILE,85,0,24,H,1.0,0.0,0.0,0.1006,-11.66,61.98,0.31
2v4z_complex,A,ARG,86,0,13,H,1.0,0.0,0.0,0.5363,-9.27,61.24,3.18
2v4z_complex,A,ALA,87,0,20,H,1.0,0.0,0.0,0.0094,-6.4,62.77,1.2
2v4z_complex,A,MET,88,0,18,H,1.0,0.0,0.0,0.0372,-8.16,66.08,0.49
2v4z_complex,A,GLY,89,0,11,H,1.0,0.0,0.0,0.7143,-7.76,67.35,4.05
2v4z_complex,A,ARG,90,0,10,H,1.0,0.0,0.0,0.6935,-4.09,66.32,4.25
2v4z_complex,A,LEU,91,0,12,H,1.0,0.0,0.0,0.2012,-3.32,67.88,0.84
2v4z_complex,A,LYS,92,0,8,T,0.0,0.0,1.0,0.9415,-5.41,71.04,1.44
2v4z_complex,A,ILE,93,0,14,-,0.0,0.0,1.0,0.1538,-7.99,70.57,-1.33
2v4z_complex,A,ASP,94,0,18,-,0.0,0.0,1.0,0.8834,-11.59,71.79,-1.15
2v4z_complex,A,PHE,95,0,19,-,0.0,0.0,1.0,0.2589,-14.77,70.49,-2.75
2v4z_complex,A,GLY,96,0,16,S,0.0,0.0,1.0,0.5357,-16.05,72.07,-5.97
2v4z_complex,A,GLU,97,0,11,S,0.0,0.0,1.0,0.6186,-19.44,72.57,-4.31
2v4z_complex,A,ALA,98,0,9,T,0.0,0.0,1.0,0.8679,-19.8,73.03,-0.53
2v4z_complex,A,ALA,99,0,11,T,0.0,0.0,1.0,0.4717,-22.8,70.63,-0.68
2v4z_complex,A,ARG,100,0,18,H,1.0,0.0,0.0,0.1734,-20.42,67.64,-1.17
2v4z_complex,A,ALA,101,0,15,H,1.0,0.0,0.0,0.2358,-19.29,67.91,2.47
2v4z_complex,A,ASP,102,0,10,H,1.0,0.0,0.0,0.5767,-22.65,66.3,3.35
2v4z_complex,A,ASP,103,0,19,H,1.0,0.0,0.0,0.1043,-22.01,63.54,0.81
2v4z_complex,A,ALA,104,0,19,H,1.0,0.0,0.0,0.066,-18.41,63.07,1.97
2v4z_complex,A,ARG,105,0,13,H,1.0,0.0,0.0,0.5887,-19.55,62.49,5.55
2v4z_complex,A,GLN,106,0,16,H,1.0,0.0,0.0,0.3131,-22.49,60.46,4.23
2v4z_complex,A,LEU,107,0,24,H,1.0,0.0,0.0,0.0,-19.96,58.22,2.49
2v4z_complex,A,PHE,108,0,14,H,1.0,0.0,0.0,0.4213,-18.47,57.1,5.82
2v4z_complex,A,VAL,109,0,12,H,1.0,0.0,0.0,0.5704,-21.86,56.66,7.48
2v4z_complex,A,LEU,110,0,16,H,1.0,0.0,0.0,0.1098,-23.08,54.37,4.7
2v4z_complex,A,ALA,111,0,16,H,1.0,0.0,0.0,0.217,-19.71,52.65,4.3
2v4z_complex,A,GLY,112,0,9,H,1.0,0.0,0.0,0.7738,-20.25,51.46,7.89
2v4z_complex,A,SER,113,0,9,H,1.0,0.0,0.0,0.6615,-23.82,50.3,7.21
2v4z_complex,A,ALA,114,0,15,S,0.0,0.0,1.0,0.1604,-24.14,49.43,3.5
2v4z_complex,A,GLU,115,0,13,-,0.0,0.0,1.0,0.6804,-22.31,46.12,3.77
2v4z_complex,A,GLU,116,1,11,T,0.0,0.0,1.0,0.7371,-21.74,43.07,1.48
2v4z_complex,A,GLY,117,0,16,T,0.0,0.0,1.0,0.4167,-22.94,42.45,-1.12
2v4z_complex,A,VAL,118,0,16,-,0.0,0.0,1.0,0.5493,-25.18,45.37,-2.03
2v4z_complex,A,MET,119,0,21,-,0.0,0.0,1.0,0.0426,-24.49,49.0,-2.8
2v4z_complex,A,THR,120,0,14,-,0.0,0.0,1.0,0.3239,-27.73,50.86,-2.07
2v4z_complex,A,PRO,121,0,13,H,1.0,0.0,0.0,0.8603,-28.98,53.56,-4.44
2v4z_complex,A,GLU,122,0,14,H,1.0,0.0,0.0,0.5515,-28.21,56.15,-1.74
2v4z_complex,A,LEU,123,0,21,H,1.0,0.0,0.0,0.0,-24.55,55.14,-1.58
2v4z_complex,A,ALA,124,0,18,H,1.0,0.0,0.0,0.1321,-24.27,54.91,-5.36
2v4z_complex,A,GLY,125,0,17,H,1.0,0.0,0.0,0.2143,-25.53,58.49,-5.61
2v4z_complex,A,VAL,126,0,18,H,1.0,0.0,0.0,0.007,-23.13,59.72,-2.95
2v4z_complex,A,ILE,127,0,21,H,1.0,0.0,0.0,0.0,-20.17,58.1,-4.73
2v4z_complex,A,LYS,128,0,18,H,1.0,0.0,0.0,0.4488,-21.35,59.41,-8.1
2v4z_complex,A,ARG,129,0,15,H,1.0,0.0,0.0,0.371,-21.69,63.01,-6.93
2v4z_complex,A,LEU,130,0,25,H,1.0,0.0,0.0,0.0,-18.34,62.95,-5.1
2v4z_complex,A,TRP,131,0,20,H,1.0,0.0,0.0,0.0793,-16.6,61.48,-8.15
2v4z_complex,A,ARG,132,0,13,H,1.0,0.0,0.0,0.7379,-17.97,64.16,-10.54
2v4z_complex,A,ASP,133,0,15,-,0.0,0.0,1.0,0.0491,-16.82,66.92,-8.12
2v4z_complex,A,GLY,134,0,14,H,1.0,0.0,0.0,0.5952,-13.89,69.06,-9.27
2v4z_complex,A,GLY,135,0,19,H,1.0,0.0,0.0,0.0595,-12.09,69.18,-5.93
2v4z_complex,A,VAL,136,0,23,H,1.0,0.0,0.0,0.0,-12.3,65.41,-5.62
2v4z_complex,A,GLN,137,0,16,H,1.0,0.0,0.0,0.2828,-11.02,65.13,-9.19
2v4z_complex,A,ALA,138,0,16,H,1.0,0.0,0.0,0.3868,-8.18,67.52,-8.39
2v4z_complex,A,CYS,139,0,24,H,1.0,0.0,0.0,0.0,-7.22,65.24,-5.49
2v4z_complex,A,PHE,140,0,23,H,1.0,0.0,0.0,0.2386,-7.57,62.13,-7.65
2v4z_complex,A,SER,141,0,12,H,1.0,0.0,0.0,0.7077,-5.1,63.68,-10.06
2v4z_complex,A,ARG,142,0,16,T,0.0,0.0,1.0,0.3548,-2.56,64.0,-7.22
2v4z_complex,A,SER,143,0,18,G,1.0,0.0,0.0,0.2308,-2.98,60.37,-6.12
2v4z_complex,A,ARG,144,0,15,G,1.0,0.0,0.0,0.3508,0.77,59.75,-6.16
2v4z_complex,A,GLU,145,0,16,G,1.0,0.0,0.0,0.4742,0.89,61.76,-2.89
2v4z_complex,A,TYR,146,0,19,S,0.0,0.0,1.0,0.0495,-1.08,59.02,-1.07
2v4z_complex,A,GLN,147,0,16,-,0.0,0.0,1.0,0.303,-2.07,55.35,-1.71
2v4z_complex,A,LEU,148,0,21,-,0.0,0.0,1.0,0.1585,-4.84,54.85,-4.29
2v4z_complex,A,ASN,149,0,18,-,0.0,0.0,1.0,0.2611,-5.86,51.53,-5.84
2v4z_complex,A,ASP,150,0,17,T,0.0,0.0,1.0,0.3129,-4.85,51.34,-9.5
2v4z_complex,A,SER,151,0,19,T,0.0,0.0,1.0,0.1,-8.4,50.24,-10.37
2v4z_complex,A,ALA,152,0,22,H,1.0,0.0,0.0,0.0094,-10.13,53.2,-8.65
2v4z_complex,A,SER,153,0,16,H,1.0,0.0,0.0,0.2846,-11.0,55.1,-11.83
2v4z_complex,A,TYR,154,0,13,H,1.0,0.0,0.0,0.1757,-11.79,51.85,-13.64
2v4z_complex,A,TYR,155,0,22,H,1.0,0.0,0.0,0.0,-14.52,51.08,-11.12
2v4z_complex,A,LEU,156,0,19,H,1.0,0.0,0.0,0.0122,-15.54,54.65,-10.26
2v4z_complex,A,ASN,157,0,14,T,0.0,0.0,1.0,0.6943,-15.98,55.59,-13.92
2v4z_complex,A,ASP,158,0,13,T,0.0,0.0,1.0,0.3497,-18.19,52.49,-14.31
2v4z_complex,A,LEU,159,0,18,H,1.0,0.0,0.0,0.061,-20.35,53.04,-11.23
2v4z_complex,A,ASP,160,0,13,H,1.0,0.0,0.0,0.6503,-23.75,52.97,-12.92
2v4z_complex,A,ARG,161,0,13,H,1.0,0.0,0.0,0.3226,-23.14,49.45,-14.24
2v4z_complex,A,ILE,162,0,22,H,1.0,0.0,0.0,0.0,-21.64,47.92,-11.09
2v4z_complex,A,SER,163,0,18,T,0.0,0.0,1.0,0.1462,-24.12,49.56,-8.71
2v4z_complex,A,GLN,164,0,14,S,0.0,0.0,1.0,0.4242,-27.08,47.62,-10.2
2v4z_complex,A,SER,165,0,12,T,0.0,0.0,1.0,0.8,-28.53,45.06,-7.77
2v4z_complex,A,ASN,166,0,9,T,0.0,0.0,1.0,0.8153,-28.54,42.44,-10.54
2v4z_complex,A,TYR,167,0,12,-,0.0,0.0,1.0,0.045,-24.82,43.08,-11.22
2v4z_complex,A,ILE,168,0,18,-,0.0,0.0,1.0,0.3669,-22.52,40.17,-12.01
2v4z_complex,A,PRO,169,0,22,-,0.0,0.0,1.0,0.0294,-18.84,41.16,-12.38
2v4z_complex,A,THR,170,0,16,-,0.0,0.0,1.0,0.4437,-17.14,40.48,-15.69
2v4z_complex,A,GLN,171,0,21,H,1.0,0.0,0.0,0.3586,-13.78,38.8,-16.02
2v4z_complex,A,GLN,172,0,11,H,1.0,0.0,0.0,0.303,-12.17,42.2,-16.5
2v4z_complex,A,ASP,173,0,19,H,1.0,0.0,0.0,0.0,-13.85,43.35,-13.32
2v4z_complex,A,VAL,174,0,21,H,1.0,0.0,0.0,0.0,-12.4,40.29,-11.58
2v4z_complex,A,LEU,175,0,22,H,1.0,0.0,0.0,0.0122,-8.94,40.85,-13.09
2v4z_complex,A,ARG,176,0,21,H,1.0,0.0,0.0,0.2016,-9.09,44.47,-11.92
2v4z_complex,A,THR,177,0,24,-,0.0,0.0,1.0,0.0563,-9.94,43.6,-8.3
2v4z_complex,A,ARG,178,0,20,-,0.0,0.0,1.0,0.2661,-7.4,44.19,-5.56
2v4z_complex,A,VAL,179,1,13,-,0.0,0.0,1.0,0.6127,-6.92,41.56,-2.87
2v4z_complex,A,LYS,180,1,12,-,0.0,0.0,1.0,0.639,-3.6,41.55,-1.05
2v4z_complex,A,THR,181,1,17,-,0.0,0.0,1.0,0.162,-1.72,38.28,-1.25
2v4z_complex,A,THR,182,1,14,-,0.0,0.0,1.0,0.6901,-0.25,37.11,2.06
2v4z_complex,A,GLY,183,1,15,S,0.0,0.0,1.0,0.1905,1.92,33.99,2.33
2v4z_complex,A,ILE,184,1,14,E,0.0,1.0,0.0,0.3314,2.55,31.57,-0.55
2v4z_complex,A,VAL,185,1,12,E,0.0,1.0,0.0,0.5423,-0.07,30.05,-2.86
2v4z_complex,A,GLU,186,0,13,E,0.0,1.0,0.0,0.5,0.57,27.22,-5.3
2v4z_complex,A,THR,187,0,13,E,0.0,1.0,0.0,0.2887,-1.3,26.62,-8.58
2v4z_complex,A,HIS,188,0,13,E,0.0,1.0,0.0,0.4293,-1.19,23.72,-11.05
2v4z_complex,A,PHE,189,0,13,E,0.0,1.0,0.0,0.0152,-1.91,23.93,-14.78
2v4z_complex,A,THR,190,0,14,E,0.0,1.0,0.0,0.6127,-0.97,22.38,-18.12
2v4z_complex,A,PHE,191,0,13,-,0.0,0.0,1.0,0.2284,0.11,23.9,-21.44
2v4z_complex,A,LYS,192,0,9,S,0.0,0.0,1.0,0.4098,1.96,22.48,-24.49
2v4z_complex,A,ASP,193,0,8,S,0.0,0.0,1.0,0.9571,2.45,19.16,-22.64
2v4z_complex,A,LEU,194,0,13,-,0.0,0.0,1.0,0.1463,4.14,20.8,-19.61
2v4z_complex,A,TYR,195,0,14,E,0.0,1.0,0.0,0.4324,3.04,20.41,-15.99
2v4z_complex,A,PHE,196,0,17,E,0.0,1.0,0.0,0.0,3.27,23.98,-14.68
2v4z_complex,A,LYS,197,0,17,E,0.0,1.0,0.0,0.2634,3.65,24.26,-10.9
2v4z_complex,A,MET,198,0,19,E,0.0,1.0,0.0,0.0,3.08,28.0,-10.28
2v4z_complex,A,PHE,199,0,21,E,0.0,1.0,0.0,0.1117,3.87,29.81,-7.02
2v4z_complex,A,ASP,200,0,24,E,0.0,1.0,0.0,0.0675,2.35,33.14,-6.07
2v4z_complex,A,VAL,201,0,24,E,0.0,1.0,0.0,0.0,3.85,35.04,-3.16
2v4z_complex,A,GLY,202,0,24,-,0.0,0.0,1.0,0.0,3.24,38.28,-1.26
2v4z_complex,A,GLY,203,0,24,-,0.0,0.0,1.0,0.0238,5.42,41.21,-2.3
2v4z_complex,A,GLN,204,1,18,S,0.0,0.0,1.0,0.101,5.53,43.44,0.79
2v4z_complex,A,ARG,205,1,14,G,1.0,0.0,0.0,0.3831,8.76,43.64,2.77
2v4z_complex,A,SER,206,1,11,G,1.0,0.0,0.0,0.5538,7.21,41.63,5.62
2v4z_complex,A,GLU,207,1,16,G,1.0,0.0,0.0,0.0567,6.48,38.72,3.24
2v4z_complex,A,ARG,208,0,16,G,1.0,0.0,0.0,0.1976,9.89,38.31,1.61
2v4z_complex,A,LYS,209,1,10,G,1.0,0.0,0.0,0.7951,11.35,36.24,4.47
2v4z_complex,A,LYS,210,1,14,G,1.0,0.0,0.0,0.3561,8.94,33.51,3.38
2v4z_complex,A,TRP,211,0,17,G,1.0,0.0,0.0,0.0308,10.23,33.34,-0.22
2v4z_complex,A,ILE,212,0,8,G,1.0,0.0,0.0,0.6746,12.98,30.86,0.69
2v4z_complex,A,HIS,213,1,8,G,1.0,0.0,0.0,0.8424,10.25,28.19,1.13
2v4z_complex,A,CYS,214,0,16,G,1.0,0.0,0.0,0.0148,9.91,27.83,-2.65
2v4z_complex,A,PHE,215,0,14,-,0.0,0.0,1.0,0.1777,13.4,28.55,-4.03
2v4z_complex,A,GLU,216,0,10,T,0.0,0.0,1.0,0.8454,14.51,24.91,-4.43
2v4z_complex,A,GLY,217,0,13,T,0.0,0.0,1.0,0.619,14.31,23.51,-7.97
2v4z_complex,A,VAL,218,0,17,-,0.0,0.0,1.0,0.0634,13.04,26.66,-9.71
2v4z_complex,A,THR,219,0,21,S,0.0,0.0,1.0,0.1549,12.83,26.51,-13.51
2v4z_complex,A,ALA,220,0,22,E,0.0,1.0,0.0,0.0,11.84,30.1,-14.19
2v4z_complex,A,ILE,221,0,23,E,0.0,1.0,0.0,0.0,11.07,33.23,-12.21
2v4z_complex,A,ILE,222,0,20,E,0.0,1.0,0.0,0.0,8.72,35.85,-13.57
2v4z_complex,A,PHE,223,0,25,E,0.0,1.0,0.0,0.0051,9.72,39.04,-11.79
2v4z_complex,A,CYS,224,0,28,E,0.0,1.0,0.0,0.0074,7.03,41.74,-11.94
2v4z_complex,A,VAL,225,0,32,E,0.0,1.0,0.0,0.007,7.72,45.45,-12.08
2v4z_complex,A,ALA,226,0,26,E,0.0,1.0,0.0,0.0377,4.78,47.84,-12.09
2v4z_complex,A,LEU,227,0,28,G,1.0,0.0,0.0,0.0,6.02,50.4,-14.63
2v4z_complex,A,SER,228,0,24,G,1.0,0.0,0.0,0.0077,3.51,52.94,-13.33
2v4z_complex,A,ASP,229,0,24,G,1.0,0.0,0.0,0.0675,5.04,52.88,-9.82
2v4z_complex,A,TYR,230,0,25,G,1.0,0.0,0.0,0.0,7.87,55.32,-10.82
2v4z_complex,A,ASP,231,0,21,G,1.0,0.0,0.0,0.0245,6.26,58.28,-9.01
2v4z_complex,A,LEU,232,0,20,-,0.0,0.0,1.0,0.122,4.63,56.32,-6.18
2v4z_complex,A,VAL,233,0,20,B,0.0,1.0,0.0,0.2535,6.0,55.47,-2.73
2v4z_complex,A,LEU,234,0,21,-,0.0,0.0,1.0,0.0305,5.82,52.18,-0.8
2v4z_complex,A,ALA,235,1,16,S,0.0,0.0,1.0,0.4717,2.7,51.56,1.31
2v4z_complex,A,GLU,236,1,11,S,0.0,0.0,1.0,0.3557,4.97,49.99,3.99
2v4z_complex,A,ASP,237,1,10,-,0.0,0.0,1.0,0.3252,7.5,52.88,3.93
2v4z_complex,A,GLU,238,1,13,T,0.0,0.0,1.0,0.5825,6.41,56.25,2.54
2v4z_complex,A,GLU,239,0,9,T,0.0,0.0,1.0,0.9227,10.02,57.5,2.3
2v4z_complex,A,MET,240,0,13,S,0.0,0.0,1.0,0.1277,10.86,54.81,-0.32
2v4z_complex,A,ASN,241,0,18,B,0.0,1.0,0.0,0.1592,10.13,55.35,-4.01
2v4z_complex,A,ARG,242,0,26,H,1.0,0.0,0.0,0.0403,8.44,52.2,-5.3
2v4z_complex,A,MET,243,0,24,H,1.0,0.0,0.0,0.0053,10.48,51.9,-8.5
2v4z_complex,A,HIS,244,0,18,H,1.0,0.0,0.0,0.3315,13.75,51.93,-6.55
2v4z_complex,A,GLU,245,0,19,H,1.0,0.0,0.0,0.0619,12.39,49.26,-4.19
2v4z_complex,A,SER,246,0,24,H,1.0,0.0,0.0,0.0615,11.62,47.14,-7.22
2v4z_complex,A,MET,247,0,19,H,1.0,0.0,0.0,0.133,15.1,47.79,-8.64
2v4z_complex,A,LYS,248,0,14,H,1.0,0.0,0.0,0.678,16.87,46.9,-5.41
2v4z_complex,A,LEU,249,0,17,H,1.0,0.0,0.0,0.0854,14.72,43.76,-5.12
2v4z_complex,A,PHE,250,0,24,H,1.0,0.0,0.0,0.0,15.39,42.63,-8.71
2v4z_complex,A,ASP,251,0,17,H,1.0,0.0,0.0,0.2086,19.11,43.18,-8.18
2v4z_complex,A,SER,252,0,13,H,1.0,0.0,0.0,0.5462,18.83,40.96,-5.11
2v4z_complex,A,ILE,253,0,18,H,1.0,0.0,0.0,0.0414,17.05,38.18,-7.0
2v4z_complex,A,CYS,254,0,28,H,1.0,0.0,0.0,0.0148,18.68,38.5,-10.41
2v4z_complex,A,ASN,255,0,17,T,0.0,0.0,1.0,0.2038,22.25,38.13,-9.13
2v4z_complex,A,ASN,256,0,10,-,0.0,0.0,1.0,0.1847,21.36,35.58,-6.41
2v4z_complex,A,LYS,257,0,10,G,1.0,0.0,0.0,0.8146,23.72,32.62,-6.93
2v4z_complex,A,TRP,258,0,13,G,1.0,0.0,0.0,0.7753,20.97,29.99,-6.37
2v4z_complex,A,PHE,259,0,18,G,1.0,0.0,0.0,0.0051,19.07,31.05,-9.47
2v4z_complex,A,THR,260,0,13,T,0.0,0.0,1.0,0.5915,22.1,30.54,-11.74
2v4z_complex,A,GLU,261,0,13,T,0.0,0.0,1.0,0.9536,20.4,27.67,-13.64
2v4z_complex,A,THR,262,0,20,S,0.0,0.0,1.0,0.0915,17.11,29.62,-13.57
2v4z_complex,A,SER,263,0,22,E,0.0,1.0,0.0,0.1231,15.32,31.7,-16.2
2v4z_complex,A,ILE,264,0,23,E,0.0,1.0,0.0,0.0059,14.86,35.26,-15.03
2v4z_complex,A,ILE,265,0,20,E,0.0,1.0,0.0,0.0,11.9,36.65,-16.98
2v4z_complex,A,LEU,266,0,24,E,0.0,1.0,0.0,0.0,11.2,40.32,-16.36
2v4z_complex,A,PHE,267,0,26,E,0.0,1.0,0.0,0.0102,7.61,41.55,-16.8
2v4z_complex,A,LEU,268,0,24,E,0.0,1.0,0.0,0.0,7.63,45.31,-17.01
2v4z_complex,A,ASN,269,0,25,E,0.0,1.0,0.0,0.0255,3.93,45.4,-16.12
2v4z_complex,A,LYS,270,0,23,-,0.0,0.0,1.0,0.0927,1.18,48.07,-16.17
2v4z_complex,A,LYS,271,0,20,H,1.0,0.0,0.0,0.2585,2.36,49.41,-19.5
2v4z_complex,A,ASP,272,0,17,H,1.0,0.0,0.0,0.3006,-1.13,50.86,-20.04
2v4z_complex,A,LEU,273,0,16,H,1.0,0.0,0.0,0.2134,-1.27,52.87,-16.81
2v4z_complex,A,PHE,274,0,21,H,1.0,0.0,0.0,0.0,2.33,53.86,-17.57
2v4z_complex,A,GLU,275,0,18,H,1.0,0.0,0.0,0.4897,1.46,55.06,-21.09
2v4z_complex,A,GLU,276,0,13,H,1.0,0.0,0.0,0.4588,-1.14,57.31,-19.47
2v4z_complex,A,LYS,277,0,20,H,1.0,0.0,0.0,0.1756,1.06,58.42,-16.55
2v4z_complex,A,ILE,278,0,19,T,0.0,0.0,1.0,0.0059,4.17,59.48,-18.49
2v4z_complex,A,LYS,279,0,13,T,0.0,0.0,1.0,0.7268,2.34,62.31,-20.31
2v4z_complex,A,ARG,280,0,10,T,0.0,0.0,1.0,0.7016,1.37,63.81,-16.95
2v4z_complex,A,SER,281,0,16,S,0.0,0.0,1.0,0.1077,4.0,62.81,-14.4
2v4z_complex,A,PRO,282,0,18,-,0.0,0.0,1.0,0.3824,7.66,63.24,-15.33
2v4z_complex,A,LEU,283,0,25,G,1.0,0.0,0.0,0.0,9.99,60.23,-14.98
2v4z_complex,A,THR,284,0,15,G,1.0,0.0,0.0,0.4437,12.58,62.53,-13.38
2v4z_complex,A,ILE,285,0,13,G,1.0,0.0,0.0,0.355,10.62,62.08,-10.14
2v4z_complex,A,CYS,286,0,17,T,0.0,0.0,1.0,0.0074,12.06,58.57,-10.26
2v4z_complex,A,TYR,287,0,16,-,0.0,0.0,1.0,0.0631,15.32,59.2,-12.1
2v4z_complex,A,PRO,288,0,9,T,0.0,0.0,1.0,0.75,16.56,62.74,-11.49
2v4z_complex,A,GLU,289,0,9,T,0.0,0.0,1.0,0.8247,19.3,62.35,-14.17
2v4z_complex,A,TYR,290,0,14,-,0.0,0.0,1.0,0.0586,16.94,61.34,-17.02
2v4z_complex,A,THR,291,0,9,-,0.0,0.0,1.0,1.0,17.29,63.9,-19.82
2v4z_complex,A,GLY,292,0,11,S,0.0,0.0,1.0,0.25,14.96,62.04,-22.22
2v4z_complex,A,SER,293,0,14,-,0.0,0.0,1.0,0.3462,11.39,62.77,-23.21
2v4z_complex,A,ASN,294,0,19,S,0.0,0.0,1.0,0.414,8.23,61.8,-21.37
2v4z_complex,A,THR,295,0,16,S,0.0,0.0,1.0,0.5282,6.91,59.53,-24.14
2v4z_complex,A,TYR,296,0,17,H,1.0,0.0,0.0,0.1937,6.08,55.83,-23.78
2v4z_complex,A,GLU,297,0,10,H,1.0,0.0,0.0,0.6856,8.84,54.13,-25.78
2v4z_complex,A,GLU,298,0,12,H,1.0,0.0,0.0,0.4588,11.73,56.3,-24.59
2v4z_complex,A,ALA,299,0,20,H,1.0,0.0,0.0,0.0,10.77,56.17,-20.93
2v4z_complex,A,ALA,300,0,19,H,1.0,0.0,0.0,0.0094,9.91,52.47,-21.0
2v4z_complex,A,ALA,301,0,10,H,1.0,0.0,0.0,0.434,13.27,51.83,-22.7
2v4z_complex,A,TYR,302,0,16,H,1.0,0.0,0.0,0.3063,15.06,53.77,-20.01
2v4z_complex,A,ILE,303,0,19,H,1.0,0.0,0.0,0.0,13.44,51.88,-17.18
2v4z_complex,A,GLN,304,0,19,H,1.0,0.0,0.0,0.2374,14.23,48.57,-18.9
2v4z_complex,A,CYS,305,0,11,H,1.0,0.0,0.0,0.4222,17.91,49.56,-18.94
2v4z_complex,A,GLN,306,0,13,H,1.0,0.0,0.0,0.197,17.88,50.45,-15.25
2v4z_complex,A,PHE,307,0,22,H,1.0,0.0,0.0,0.0,16.79,46.91,-14.38
2v4z_complex,A,GLU,308,0,20,H,1.0,0.0,0.0,0.3144,18.78,45.11,-17.09
2v4z_complex,A,ASP,309,0,11,T,0.0,0.0,1.0,0.5399,21.96,46.98,-16.07
2v4z_complex,A,LEU,310,0,16,T,0.0,0.0,1.0,0.2317,21.7,45.56,-12.52
2v4z_complex,A,ASN,311,0,19,-,0.0,0.0,1.0,0.0446,22.56,42.12,-13.95
2v4z_complex,A,ARG,312,0,12,S,0.0,0.0,1.0,0.6815,26.19,41.38,-13.1
2v4z_complex,A,ARG,313,0,11,-,0.0,0.0,1.0,0.5766,26.64,38.06,-14.93
2v4z_complex,A,LYS,314,0,12,T,0.0,0.0,1.0,0.5659,25.91,39.91,-18.21
2v4z_complex,A,ASP,315,0,7,T,0.0,0.0,1.0,1.0,28.39,37.68,-20.04
2v4z_complex,A,THR,316,0,8,T,0.0,0.0,1.0,0.7042,26.72,34.51,-18.71
2v4z_complex,A,LYS,317,0,16,-,0.0,0.0,1.0,0.1561,23.11,35.28,-17.74
2v4z_complex,A,GLU,318,0,15,-,0.0,0.0,1.0,0.6598,20.25,36.39,-20.04
2v4z_complex,A,ILE,319,0,14,E,0.0,1.0,0.0,0.1361,17.19,38.39,-18.95
2v4z_complex,A,TYR,320,0,15,E,0.0,1.0,0.0,0.2342,14.03,37.86,-21.0
2v4z_complex,A,THR,321,0,18,E,0.0,1.0,0.0,0.169,12.15,41.16,-20.65
2v4z_complex,A,HIS,322,0,18,E,0.0,1.0,0.0,0.2065,8.52,41.75,-21.72
2v4z_complex,A,PHE,323,0,19,E,0.0,1.0,0.0,0.264,6.21,44.73,-21.54
2v4z_complex,A,THR,324,0,25,-,0.0,0.0,1.0,0.0,2.94,43.4,-20.25
2v4z_complex,A,CYS,325,0,24,-,0.0,0.0,1.0,0.0815,-0.51,44.47,-19.25
2v4z_complex,A,ALA,326,0,30,T,0.0,0.0,1.0,0.0377,-1.46,41.85,-16.66
2v4z_complex,A,THR,327,0,23,T,0.0,0.0,1.0,0.1549,-5.15,42.72,-16.85
2v4z_complex,A,ASP,328,0,17,-,0.0,0.0,1.0,0.411,-5.26,42.13,-20.65
2v4z_complex,A,THR,329,0,19,H,1.0,0.0,0.0,0.2535,-5.84,38.48,-21.51
2v4z_complex,A,LYS,330,0,12,H,1.0,0.0,0.0,0.8585,-4.68,38.71,-25.15
2v4z_complex,A,ASN,331,0,15,H,1.0,0.0,0.0,0.1338,-1.39,40.3,-24.02
2v4z_complex,A,VAL,332,0,21,H,1.0,0.0,0.0,0.007,-0.63,37.84,-21.2
2v4z_complex,A,GLN,333,0,18,H,1.0,0.0,0.0,0.5152,-1.49,34.93,-23.48
2v4z_complex,A,PHE,334,0,11,H,1.0,0.0,0.0,0.7614,0.94,36.18,-26.11
2v4z_complex,A,VAL,335,0,18,H,1.0,0.0,0.0,0.0352,3.73,36.92,-23.63
2v4z_complex,A,PHE,336,0,17,H,1.0,0.0,0.0,0.0051,3.36,33.59,-21.79
2v4z_complex,A,ASP,337,0,13,H,1.0,0.0,0.0,0.3681,3.32,31.62,-25.05
2v4z_complex,A,ALA,338,0,14,H,1.0,0.0,0.0,0.2925,6.67,33.33,-25.72
2v4z_complex,A,VAL,339,0,18,H,1.0,0.0,0.0,0.007,7.91,32.71,-22.17
2v4z_complex,A,THR,340,0,16,H,1.0,0.0,0.0,0.0,7.06,29.0,-22.48
2v4z_complex,A,ASP,341,0,12,H,1.0,0.0,0.0,0.3006,9.06,28.64,-25.72
2v4z_complex,A,VAL,342,0,15,H,1.0,0.0,0.0,0.1831,12.09,30.12,-23.95
2v4z_complex,A,ILE,343,0,14,H,1.0,0.0,0.0,0.0178,11.76,27.43,-21.25
2v4z_complex,A,ILE,344,0,13,H,1.0,0.0,0.0,0.4615,11.18,24.65,-23.81
2v4z_complex,A,LYS,345,0,7,H,1.0,0.0,0.0,0.7951,14.39,25.58,-25.66
2v4z_complex,A,ASN,346,0,11,T,0.0,0.0,1.0,0.5159,16.26,26.27,-22.4
2v4z_complex,A,ASN,347,0,9,-,0.0,0.0,1.0,0.7197,15.36,22.8,-21.01
